1000 4 5 5 2
1000 10 3 5 2
1000 6 6 2 1
1000 5 5 5 2
999 4 5 5 2
999 10 3 5 2
999 6 6 2 1
999 5 5 5 2
998 4 5 5 2
998 10 3 5 2
998 6 6 2 1
998 5 5 5 2
997 4 5 5 2
997 10 3 5 2
997 6 6 2 1
997 5 5 5 2
996 4 5 5 2
996 10 3 5 2
996 6 6 2 1
996 5 5 5 2
995 4 5 5 2
995 10 3 5 2
995 6 6 2 1
995 5 5 5 2
994 4 5 5 2
994 10 3 5 2
994 6 6 2 1
994 5 5 5 2
993 4 5 5 2
993 10 3 5 2
993 6 6 2 1
993 5 5 5 2
992 4 5 5 2
992 10 3 5 2
992 6 6 2 1
992 5 5 5 2
991 4 5 5 2
991 10 3 5 2
991 6 6 2 1
991 5 5 5 2
990 4 5 5 2
990 10 3 5 2
990 6 6 2 1
990 5 5 5 2
989 4 5 5 2
989 10 3 5 2
989 6 6 2 1
989 5 5 5 2
988 4 5 5 2
988 10 3 5 2
988 6 6 2 1
988 5 5 5 2
987 4 5 5 2
987 10 3 5 2
987 6 6 2 1
987 5 5 5 2
986 4 5 5 2
986 10 3 5 2
986 6 6 2 1
986 5 5 5 2
985 4 5 5 2
985 10 3 5 2
985 6 6 2 1
985 5 5 5 2
984 4 5 5 2
984 10 3 5 2
984 6 6 2 1
984 5 5 5 2
983 4 5 5 2
983 10 3 5 2
983 6 6 2 1
983 5 5 5 2
982 4 5 5 2
982 10 3 5 2
982 6 6 2 1
982 5 5 5 2
981 4 5 5 2
981 10 3 5 2
981 6 6 2 1
981 5 5 5 2
980 4 5 5 2
980 10 3 5 2
980 6 6 2 1
980 5 5 5 2
979 4 5 5 2
979 10 3 5 2
979 6 6 2 1
979 5 5 5 2
978 4 5 5 2
978 10 3 5 2
978 6 6 2 1
978 5 5 5 2
977 4 5 5 2
977 10 3 5 2
977 6 6 2 1
977 5 5 5 2
976 4 5 5 2
976 10 3 5 2
976 6 6 2 1
976 5 5 5 2
975 4 5 5 2
975 10 3 5 2
975 6 6 2 1
975 5 5 5 2
974 4 5 5 2
974 10 3 5 2
974 6 6 2 1
974 5 5 5 2
973 4 5 5 2
973 10 3 5 2
973 6 6 2 1
973 5 5 5 2
972 4 5 5 2
972 10 3 5 2
972 6 6 2 1
972 5 5 5 2
971 4 5 5 2
971 10 3 5 2
971 6 6 2 1
971 5 5 5 2
970 4 5 5 2
970 10 3 5 2
970 6 6 2 1
970 5 5 5 2
969 4 5 5 2
969 10 3 5 2
969 6 6 2 1
969 5 5 5 2
968 4 5 5 2
968 10 3 5 2
968 6 6 2 1
968 5 5 5 2
967 4 5 5 2
967 10 3 5 2
967 6 6 2 1
967 5 5 5 2
966 4 5 5 2
966 10 3 5 2
966 6 6 2 1
966 5 5 5 2
965 4 5 5 2
965 10 3 5 2
965 6 6 2 1
965 5 5 5 2
964 4 5 5 2
964 10 3 5 2
964 6 6 2 1
964 5 5 5 2
963 4 5 5 2
963 10 3 5 2
963 6 6 2 1
963 5 5 5 2
962 4 5 5 2
962 10 3 5 2
962 6 6 2 1
962 5 5 5 2
961 4 5 5 2
961 10 3 5 2
961 6 6 2 1
961 5 5 5 2
960 4 5 5 2
960 10 3 5 2
960 6 6 2 1
960 5 5 5 2
959 4 5 5 2
959 10 3 5 2
959 6 6 2 1
959 5 5 5 2
958 4 5 5 2
958 10 3 5 2
958 6 6 2 1
958 5 5 5 2
957 4 5 5 2
957 10 3 5 2
957 6 6 2 1
957 5 5 5 2
956 4 5 5 2
956 10 3 5 2
956 6 6 2 1
956 5 5 5 2
955 4 5 5 2
955 10 3 5 2
955 6 6 2 1
955 5 5 5 2
954 4 5 5 2
954 10 3 5 2
954 6 6 2 1
954 5 5 5 2
953 4 5 5 2
953 10 3 5 2
953 6 6 2 1
953 5 5 5 2
952 4 5 5 2
952 10 3 5 2
952 6 6 2 1
952 5 5 5 2
951 4 5 5 2
951 10 3 5 2
951 6 6 2 1
951 5 5 5 2
950 4 5 5 2
950 10 3 5 2
950 6 6 2 1
950 5 5 5 2
949 4 5 5 2
949 10 3 5 2
949 6 6 2 1
949 5 5 5 2
948 4 5 5 2
948 10 3 5 2
948 6 6 2 1
948 5 5 5 2
947 4 5 5 2
947 10 3 5 2
947 6 6 2 1
947 5 5 5 2
946 4 5 5 2
946 10 3 5 2
946 6 6 2 1
946 5 5 5 2
945 4 5 5 2
945 10 3 5 2
945 6 6 2 1
945 5 5 5 2
944 4 5 5 2
944 10 3 5 2
944 6 6 2 1
944 5 5 5 2
943 4 5 5 2
943 10 3 5 2
943 6 6 2 1
943 5 5 5 2
942 4 5 5 2
942 10 3 5 2
942 6 6 2 1
942 5 5 5 2
941 4 5 5 2
941 10 3 5 2
941 6 6 2 1
941 5 5 5 2
940 4 5 5 2
940 10 3 5 2
940 6 6 2 1
940 5 5 5 2
939 4 5 5 2
939 10 3 5 2
939 6 6 2 1
939 5 5 5 2
938 4 5 5 2
938 10 3 5 2
938 6 6 2 1
938 5 5 5 2
937 4 5 5 2
937 10 3 5 2
937 6 6 2 1
937 5 5 5 2
936 4 5 5 2
936 10 3 5 2
936 6 6 2 1
936 5 5 5 2
935 4 5 5 2
935 10 3 5 2
935 6 6 2 1
935 5 5 5 2
934 4 5 5 2
934 10 3 5 2
934 6 6 2 1
934 5 5 5 2
933 4 5 5 2
933 10 3 5 2
933 6 6 2 1
933 5 5 5 2
932 4 5 5 2
932 10 3 5 2
932 6 6 2 1
932 5 5 5 2
931 4 5 5 2
931 10 3 5 2
931 6 6 2 1
931 5 5 5 2
930 4 5 5 2
930 10 3 5 2
930 6 6 2 1
930 5 5 5 2
929 4 5 5 2
929 10 3 5 2
929 6 6 2 1
929 5 5 5 2
928 4 5 5 2
928 10 3 5 2
928 6 6 2 1
928 5 5 5 2
927 4 5 5 2
927 10 3 5 2
927 6 6 2 1
927 5 5 5 2
926 4 5 5 2
926 10 3 5 2
926 6 6 2 1
926 5 5 5 2
925 4 5 5 2
925 10 3 5 2
925 6 6 2 1
925 5 5 5 2
924 4 5 5 2
924 10 3 5 2
924 6 6 2 1
924 5 5 5 2
923 4 5 5 2
923 10 3 5 2
923 6 6 2 1
923 5 5 5 2
922 4 5 5 2
922 10 3 5 2
922 6 6 2 1
922 5 5 5 2
921 4 5 5 2
921 10 3 5 2
921 6 6 2 1
921 5 5 5 2
920 4 5 5 2
920 10 3 5 2
920 6 6 2 1
920 5 5 5 2
919 4 5 5 2
919 10 3 5 2
919 6 6 2 1
919 5 5 5 2
918 4 5 5 2
918 10 3 5 2
918 6 6 2 1
918 5 5 5 2
917 4 5 5 2
917 10 3 5 2
917 6 6 2 1
917 5 5 5 2
916 4 5 5 2
916 10 3 5 2
916 6 6 2 1
916 5 5 5 2
915 4 5 5 2
915 10 3 5 2
915 6 6 2 1
915 5 5 5 2
914 4 5 5 2
914 10 3 5 2
914 6 6 2 1
914 5 5 5 2
913 4 5 5 2
913 10 3 5 2
913 6 6 2 1
913 5 5 5 2
912 4 5 5 2
912 10 3 5 2
912 6 6 2 1
912 5 5 5 2
911 4 5 5 2
911 10 3 5 2
911 6 6 2 1
911 5 5 5 2
910 4 5 5 2
910 10 3 5 2
910 6 6 2 1
910 5 5 5 2
909 4 5 5 2
909 10 3 5 2
909 6 6 2 1
909 5 5 5 2
908 4 5 5 2
908 10 3 5 2
908 6 6 2 1
908 5 5 5 2
907 4 5 5 2
907 10 3 5 2
907 6 6 2 1
907 5 5 5 2
906 4 5 5 2
906 10 3 5 2
906 6 6 2 1
906 5 5 5 2
905 4 5 5 2
905 10 3 5 2
905 6 6 2 1
905 5 5 5 2
904 4 5 5 2
904 10 3 5 2
904 6 6 2 1
904 5 5 5 2
903 4 5 5 2
903 10 3 5 2
903 6 6 2 1
903 5 5 5 2
902 4 5 5 2
902 10 3 5 2
902 6 6 2 1
902 5 5 5 2
901 4 5 5 2
901 10 3 5 2
901 6 6 2 1
901 5 5 5 2
900 4 5 5 2
900 10 3 5 2
900 6 6 2 1
900 5 5 5 2
899 4 5 5 2
899 10 3 5 2
899 6 6 2 1
899 5 5 5 2
898 4 5 5 2
898 10 3 5 2
898 6 6 2 1
898 5 5 5 2
897 4 5 5 2
897 10 3 5 2
897 6 6 2 1
897 5 5 5 2
896 4 5 5 2
896 10 3 5 2
896 6 6 2 1
896 5 5 5 2
895 4 5 5 2
895 10 3 5 2
895 6 6 2 1
895 5 5 5 2
894 4 5 5 2
894 10 3 5 2
894 6 6 2 1
894 5 5 5 2
893 4 5 5 2
893 10 3 5 2
893 6 6 2 1
893 5 5 5 2
892 4 5 5 2
892 10 3 5 2
892 6 6 2 1
892 5 5 5 2
891 4 5 5 2
891 10 3 5 2
891 6 6 2 1
891 5 5 5 2
890 4 5 5 2
890 10 3 5 2
890 6 6 2 1
890 5 5 5 2
889 4 5 5 2
889 10 3 5 2
889 6 6 2 1
889 5 5 5 2
888 4 5 5 2
888 10 3 5 2
888 6 6 2 1
888 5 5 5 2
887 4 5 5 2
887 10 3 5 2
887 6 6 2 1
887 5 5 5 2
886 4 5 5 2
886 10 3 5 2
886 6 6 2 1
886 5 5 5 2
885 4 5 5 2
885 10 3 5 2
885 6 6 2 1
885 5 5 5 2
884 4 5 5 2
884 10 3 5 2
884 6 6 2 1
884 5 5 5 2
883 4 5 5 2
883 10 3 5 2
883 6 6 2 1
883 5 5 5 2
882 4 5 5 2
882 10 3 5 2
882 6 6 2 1
882 5 5 5 2
881 4 5 5 2
881 10 3 5 2
881 6 6 2 1
881 5 5 5 2
880 4 5 5 2
880 10 3 5 2
880 6 6 2 1
880 5 5 5 2
879 4 5 5 2
879 10 3 5 2
879 6 6 2 1
879 5 5 5 2
878 4 5 5 2
878 10 3 5 2
878 6 6 2 1
878 5 5 5 2
877 4 5 5 2
877 10 3 5 2
877 6 6 2 1
877 5 5 5 2
876 4 5 5 2
876 10 3 5 2
876 6 6 2 1
876 5 5 5 2
875 4 5 5 2
875 10 3 5 2
875 6 6 2 1
875 5 5 5 2
874 4 5 5 2
874 10 3 5 2
874 6 6 2 1
874 5 5 5 2
873 4 5 5 2
873 10 3 5 2
873 6 6 2 1
873 5 5 5 2
872 4 5 5 2
872 10 3 5 2
872 6 6 2 1
872 5 5 5 2
871 4 5 5 2
871 10 3 5 2
871 6 6 2 1
871 5 5 5 2
870 4 5 5 2
870 10 3 5 2
870 6 6 2 1
870 5 5 5 2
869 4 5 5 2
869 10 3 5 2
869 6 6 2 1
869 5 5 5 2
868 4 5 5 2
868 10 3 5 2
868 6 6 2 1
868 5 5 5 2
867 4 5 5 2
867 10 3 5 2
867 6 6 2 1
867 5 5 5 2
866 4 5 5 2
866 10 3 5 2
866 6 6 2 1
866 5 5 5 2
865 4 5 5 2
865 10 3 5 2
865 6 6 2 1
865 5 5 5 2
864 4 5 5 2
864 10 3 5 2
864 6 6 2 1
864 5 5 5 2
863 4 5 5 2
863 10 3 5 2
863 6 6 2 1
863 5 5 5 2
862 4 5 5 2
862 10 3 5 2
862 6 6 2 1
862 5 5 5 2
861 4 5 5 2
861 10 3 5 2
861 6 6 2 1
861 5 5 5 2
860 4 5 5 2
860 10 3 5 2
860 6 6 2 1
860 5 5 5 2
859 4 5 5 2
859 10 3 5 2
859 6 6 2 1
859 5 5 5 2
858 4 5 5 2
858 10 3 5 2
858 6 6 2 1
858 5 5 5 2
857 4 5 5 2
857 10 3 5 2
857 6 6 2 1
857 5 5 5 2
856 4 5 5 2
856 10 3 5 2
856 6 6 2 1
856 5 5 5 2
855 4 5 5 2
855 10 3 5 2
855 6 6 2 1
855 5 5 5 2
854 4 5 5 2
854 10 3 5 2
854 6 6 2 1
854 5 5 5 2
853 4 5 5 2
853 10 3 5 2
853 6 6 2 1
853 5 5 5 2
852 4 5 5 2
852 10 3 5 2
852 6 6 2 1
852 5 5 5 2
851 4 5 5 2
851 10 3 5 2
851 6 6 2 1
851 5 5 5 2
850 4 5 5 2
850 10 3 5 2
850 6 6 2 1
850 5 5 5 2
849 4 5 5 2
849 10 3 5 2
849 6 6 2 1
849 5 5 5 2
848 4 5 5 2
848 10 3 5 2
848 6 6 2 1
848 5 5 5 2
847 4 5 5 2
847 10 3 5 2
847 6 6 2 1
847 5 5 5 2
846 4 5 5 2
846 10 3 5 2
846 6 6 2 1
846 5 5 5 2
845 4 5 5 2
845 10 3 5 2
845 6 6 2 1
845 5 5 5 2
844 4 5 5 2
844 10 3 5 2
844 6 6 2 1
844 5 5 5 2
843 4 5 5 2
843 10 3 5 2
843 6 6 2 1
843 5 5 5 2
842 4 5 5 2
842 10 3 5 2
842 6 6 2 1
842 5 5 5 2
841 4 5 5 2
841 10 3 5 2
841 6 6 2 1
841 5 5 5 2
840 4 5 5 2
840 10 3 5 2
840 6 6 2 1
840 5 5 5 2
839 4 5 5 2
839 10 3 5 2
839 6 6 2 1
839 5 5 5 2
838 4 5 5 2
838 10 3 5 2
838 6 6 2 1
838 5 5 5 2
837 4 5 5 2
837 10 3 5 2
837 6 6 2 1
837 5 5 5 2
836 4 5 5 2
836 10 3 5 2
836 6 6 2 1
836 5 5 5 2
835 4 5 5 2
835 10 3 5 2
835 6 6 2 1
835 5 5 5 2
834 4 5 5 2
834 10 3 5 2
834 6 6 2 1
834 5 5 5 2
833 4 5 5 2
833 10 3 5 2
833 6 6 2 1
833 5 5 5 2
832 4 5 5 2
832 10 3 5 2
832 6 6 2 1
832 5 5 5 2
831 4 5 5 2
831 10 3 5 2
831 6 6 2 1
831 5 5 5 2
830 4 5 5 2
830 10 3 5 2
830 6 6 2 1
830 5 5 5 2
829 4 5 5 2
829 10 3 5 2
829 6 6 2 1
829 5 5 5 2
828 4 5 5 2
828 10 3 5 2
828 6 6 2 1
828 5 5 5 2
827 4 5 5 2
827 10 3 5 2
827 6 6 2 1
827 5 5 5 2
826 4 5 5 2
826 10 3 5 2
826 6 6 2 1
826 5 5 5 2
825 4 5 5 2
825 10 3 5 2
825 6 6 2 1
825 5 5 5 2
824 4 5 5 2
824 10 3 5 2
824 6 6 2 1
824 5 5 5 2
823 4 5 5 2
823 10 3 5 2
823 6 6 2 1
823 5 5 5 2
822 4 5 5 2
822 10 3 5 2
822 6 6 2 1
822 5 5 5 2
821 4 5 5 2
821 10 3 5 2
821 6 6 2 1
821 5 5 5 2
820 4 5 5 2
820 10 3 5 2
820 6 6 2 1
820 5 5 5 2
819 4 5 5 2
819 10 3 5 2
819 6 6 2 1
819 5 5 5 2
818 4 5 5 2
818 10 3 5 2
818 6 6 2 1
818 5 5 5 2
817 4 5 5 2
817 10 3 5 2
817 6 6 2 1
817 5 5 5 2
816 4 5 5 2
816 10 3 5 2
816 6 6 2 1
816 5 5 5 2
815 4 5 5 2
815 10 3 5 2
815 6 6 2 1
815 5 5 5 2
814 4 5 5 2
814 10 3 5 2
814 6 6 2 1
814 5 5 5 2
813 4 5 5 2
813 10 3 5 2
813 6 6 2 1
813 5 5 5 2
812 4 5 5 2
812 10 3 5 2
812 6 6 2 1
812 5 5 5 2
811 4 5 5 2
811 10 3 5 2
811 6 6 2 1
811 5 5 5 2
810 4 5 5 2
810 10 3 5 2
810 6 6 2 1
810 5 5 5 2
809 4 5 5 2
809 10 3 5 2
809 6 6 2 1
809 5 5 5 2
808 4 5 5 2
808 10 3 5 2
808 6 6 2 1
808 5 5 5 2
807 4 5 5 2
807 10 3 5 2
807 6 6 2 1
807 5 5 5 2
806 4 5 5 2
806 10 3 5 2
806 6 6 2 1
806 5 5 5 2
805 4 5 5 2
805 10 3 5 2
805 6 6 2 1
805 5 5 5 2
804 4 5 5 2
804 10 3 5 2
804 6 6 2 1
804 5 5 5 2
803 4 5 5 2
803 10 3 5 2
803 6 6 2 1
803 5 5 5 2
802 4 5 5 2
802 10 3 5 2
802 6 6 2 1
802 5 5 5 2
801 4 5 5 2
801 10 3 5 2
801 6 6 2 1
801 5 5 5 2
800 4 5 5 2
800 10 3 5 2
800 6 6 2 1
800 5 5 5 2
799 4 5 5 2
799 10 3 5 2
799 6 6 2 1
799 5 5 5 2
798 4 5 5 2
798 10 3 5 2
798 6 6 2 1
798 5 5 5 2
797 4 5 5 2
797 10 3 5 2
797 6 6 2 1
797 5 5 5 2
796 4 5 5 2
796 10 3 5 2
796 6 6 2 1
796 5 5 5 2
795 4 5 5 2
795 10 3 5 2
795 6 6 2 1
795 5 5 5 2
794 4 5 5 2
794 10 3 5 2
794 6 6 2 1
794 5 5 5 2
793 4 5 5 2
793 10 3 5 2
793 6 6 2 1
793 5 5 5 2
792 4 5 5 2
792 10 3 5 2
792 6 6 2 1
792 5 5 5 2
791 4 5 5 2
791 10 3 5 2
791 6 6 2 1
791 5 5 5 2
790 4 5 5 2
790 10 3 5 2
790 6 6 2 1
790 5 5 5 2
789 4 5 5 2
789 10 3 5 2
789 6 6 2 1
789 5 5 5 2
788 4 5 5 2
788 10 3 5 2
788 6 6 2 1
788 5 5 5 2
787 4 5 5 2
787 10 3 5 2
787 6 6 2 1
787 5 5 5 2
786 4 5 5 2
786 10 3 5 2
786 6 6 2 1
786 5 5 5 2
785 4 5 5 2
785 10 3 5 2
785 6 6 2 1
785 5 5 5 2
784 4 5 5 2
784 10 3 5 2
784 6 6 2 1
784 5 5 5 2
783 4 5 5 2
783 10 3 5 2
783 6 6 2 1
783 5 5 5 2
782 4 5 5 2
782 10 3 5 2
782 6 6 2 1
782 5 5 5 2
781 4 5 5 2
781 10 3 5 2
781 6 6 2 1
781 5 5 5 2
780 4 5 5 2
780 10 3 5 2
780 6 6 2 1
780 5 5 5 2
779 4 5 5 2
779 10 3 5 2
779 6 6 2 1
779 5 5 5 2
778 4 5 5 2
778 10 3 5 2
778 6 6 2 1
778 5 5 5 2
777 4 5 5 2
777 10 3 5 2
777 6 6 2 1
777 5 5 5 2
776 4 5 5 2
776 10 3 5 2
776 6 6 2 1
776 5 5 5 2
775 4 5 5 2
775 10 3 5 2
775 6 6 2 1
775 5 5 5 2
774 4 5 5 2
774 10 3 5 2
774 6 6 2 1
774 5 5 5 2
773 4 5 5 2
773 10 3 5 2
773 6 6 2 1
773 5 5 5 2
772 4 5 5 2
772 10 3 5 2
772 6 6 2 1
772 5 5 5 2
771 4 5 5 2
771 10 3 5 2
771 6 6 2 1
771 5 5 5 2
770 4 5 5 2
770 10 3 5 2
770 6 6 2 1
770 5 5 5 2
769 4 5 5 2
769 10 3 5 2
769 6 6 2 1
769 5 5 5 2
768 4 5 5 2
768 10 3 5 2
768 6 6 2 1
768 5 5 5 2
767 4 5 5 2
767 10 3 5 2
767 6 6 2 1
767 5 5 5 2
766 4 5 5 2
766 10 3 5 2
766 6 6 2 1
766 5 5 5 2
765 4 5 5 2
765 10 3 5 2
765 6 6 2 1
765 5 5 5 2
764 4 5 5 2
764 10 3 5 2
764 6 6 2 1
764 5 5 5 2
763 4 5 5 2
763 10 3 5 2
763 6 6 2 1
763 5 5 5 2
762 4 5 5 2
762 10 3 5 2
762 6 6 2 1
762 5 5 5 2
761 4 5 5 2
761 10 3 5 2
761 6 6 2 1
761 5 5 5 2
760 4 5 5 2
760 10 3 5 2
760 6 6 2 1
760 5 5 5 2
759 4 5 5 2
759 10 3 5 2
759 6 6 2 1
759 5 5 5 2
758 4 5 5 2
758 10 3 5 2
758 6 6 2 1
758 5 5 5 2
757 4 5 5 2
757 10 3 5 2
757 6 6 2 1
757 5 5 5 2
756 4 5 5 2
756 10 3 5 2
756 6 6 2 1
756 5 5 5 2
755 4 5 5 2
755 10 3 5 2
755 6 6 2 1
755 5 5 5 2
754 4 5 5 2
754 10 3 5 2
754 6 6 2 1
754 5 5 5 2
753 4 5 5 2
753 10 3 5 2
753 6 6 2 1
753 5 5 5 2
752 4 5 5 2
752 10 3 5 2
752 6 6 2 1
752 5 5 5 2
751 4 5 5 2
751 10 3 5 2
751 6 6 2 1
751 5 5 5 2
750 4 5 5 2
750 10 3 5 2
750 6 6 2 1
750 5 5 5 2
749 4 5 5 2
749 10 3 5 2
749 6 6 2 1
749 5 5 5 2
748 4 5 5 2
748 10 3 5 2
748 6 6 2 1
748 5 5 5 2
747 4 5 5 2
747 10 3 5 2
747 6 6 2 1
747 5 5 5 2
746 4 5 5 2
746 10 3 5 2
746 6 6 2 1
746 5 5 5 2
745 4 5 5 2
745 10 3 5 2
745 6 6 2 1
745 5 5 5 2
744 4 5 5 2
744 10 3 5 2
744 6 6 2 1
744 5 5 5 2
743 4 5 5 2
743 10 3 5 2
743 6 6 2 1
743 5 5 5 2
742 4 5 5 2
742 10 3 5 2
742 6 6 2 1
742 5 5 5 2
741 4 5 5 2
741 10 3 5 2
741 6 6 2 1
741 5 5 5 2
740 4 5 5 2
740 10 3 5 2
740 6 6 2 1
740 5 5 5 2
739 4 5 5 2
739 10 3 5 2
739 6 6 2 1
739 5 5 5 2
738 4 5 5 2
738 10 3 5 2
738 6 6 2 1
738 5 5 5 2
737 4 5 5 2
737 10 3 5 2
737 6 6 2 1
737 5 5 5 2
736 4 5 5 2
736 10 3 5 2
736 6 6 2 1
736 5 5 5 2
735 4 5 5 2
735 10 3 5 2
735 6 6 2 1
735 5 5 5 2
734 4 5 5 2
734 10 3 5 2
734 6 6 2 1
734 5 5 5 2
733 4 5 5 2
733 10 3 5 2
733 6 6 2 1
733 5 5 5 2
732 4 5 5 2
732 10 3 5 2
732 6 6 2 1
732 5 5 5 2
731 4 5 5 2
731 10 3 5 2
731 6 6 2 1
731 5 5 5 2
730 4 5 5 2
730 10 3 5 2
730 6 6 2 1
730 5 5 5 2
729 4 5 5 2
729 10 3 5 2
729 6 6 2 1
729 5 5 5 2
728 4 5 5 2
728 10 3 5 2
728 6 6 2 1
728 5 5 5 2
727 4 5 5 2
727 10 3 5 2
727 6 6 2 1
727 5 5 5 2
726 4 5 5 2
726 10 3 5 2
726 6 6 2 1
726 5 5 5 2
725 4 5 5 2
725 10 3 5 2
725 6 6 2 1
725 5 5 5 2
724 4 5 5 2
724 10 3 5 2
724 6 6 2 1
724 5 5 5 2
723 4 5 5 2
723 10 3 5 2
723 6 6 2 1
723 5 5 5 2
722 4 5 5 2
722 10 3 5 2
722 6 6 2 1
722 5 5 5 2
721 4 5 5 2
721 10 3 5 2
721 6 6 2 1
721 5 5 5 2
720 4 5 5 2
720 10 3 5 2
720 6 6 2 1
720 5 5 5 2
719 4 5 5 2
719 10 3 5 2
719 6 6 2 1
719 5 5 5 2
718 4 5 5 2
718 10 3 5 2
718 6 6 2 1
718 5 5 5 2
717 4 5 5 2
717 10 3 5 2
717 6 6 2 1
717 5 5 5 2
716 4 5 5 2
716 10 3 5 2
716 6 6 2 1
716 5 5 5 2
715 4 5 5 2
715 10 3 5 2
715 6 6 2 1
715 5 5 5 2
714 4 5 5 2
714 10 3 5 2
714 6 6 2 1
714 5 5 5 2
713 4 5 5 2
713 10 3 5 2
713 6 6 2 1
713 5 5 5 2
712 4 5 5 2
712 10 3 5 2
712 6 6 2 1
712 5 5 5 2
711 4 5 5 2
711 10 3 5 2
711 6 6 2 1
711 5 5 5 2
710 4 5 5 2
710 10 3 5 2
710 6 6 2 1
710 5 5 5 2
709 4 5 5 2
709 10 3 5 2
709 6 6 2 1
709 5 5 5 2
708 4 5 5 2
708 10 3 5 2
708 6 6 2 1
708 5 5 5 2
707 4 5 5 2
707 10 3 5 2
707 6 6 2 1
707 5 5 5 2
706 4 5 5 2
706 10 3 5 2
706 6 6 2 1
706 5 5 5 2
705 4 5 5 2
705 10 3 5 2
705 6 6 2 1
705 5 5 5 2
704 4 5 5 2
704 10 3 5 2
704 6 6 2 1
704 5 5 5 2
703 4 5 5 2
703 10 3 5 2
703 6 6 2 1
703 5 5 5 2
702 4 5 5 2
702 10 3 5 2
702 6 6 2 1
702 5 5 5 2
701 4 5 5 2
701 10 3 5 2
701 6 6 2 1
701 5 5 5 2
700 4 5 5 2
700 10 3 5 2
700 6 6 2 1
700 5 5 5 2
699 4 5 5 2
699 10 3 5 2
699 6 6 2 1
699 5 5 5 2
698 4 5 5 2
698 10 3 5 2
698 6 6 2 1
698 5 5 5 2
697 4 5 5 2
697 10 3 5 2
697 6 6 2 1
697 5 5 5 2
696 4 5 5 2
696 10 3 5 2
696 6 6 2 1
696 5 5 5 2
695 4 5 5 2
695 10 3 5 2
695 6 6 2 1
695 5 5 5 2
694 4 5 5 2
694 10 3 5 2
694 6 6 2 1
694 5 5 5 2
693 4 5 5 2
693 10 3 5 2
693 6 6 2 1
693 5 5 5 2
692 4 5 5 2
692 10 3 5 2
692 6 6 2 1
692 5 5 5 2
691 4 5 5 2
691 10 3 5 2
691 6 6 2 1
691 5 5 5 2
690 4 5 5 2
690 10 3 5 2
690 6 6 2 1
690 5 5 5 2
689 4 5 5 2
689 10 3 5 2
689 6 6 2 1
689 5 5 5 2
688 4 5 5 2
688 10 3 5 2
688 6 6 2 1
688 5 5 5 2
687 4 5 5 2
687 10 3 5 2
687 6 6 2 1
687 5 5 5 2
686 4 5 5 2
686 10 3 5 2
686 6 6 2 1
686 5 5 5 2
685 4 5 5 2
685 10 3 5 2
685 6 6 2 1
685 5 5 5 2
684 4 5 5 2
684 10 3 5 2
684 6 6 2 1
684 5 5 5 2
683 4 5 5 2
683 10 3 5 2
683 6 6 2 1
683 5 5 5 2
682 4 5 5 2
682 10 3 5 2
682 6 6 2 1
682 5 5 5 2
681 4 5 5 2
681 10 3 5 2
681 6 6 2 1
681 5 5 5 2
680 4 5 5 2
680 10 3 5 2
680 6 6 2 1
680 5 5 5 2
679 4 5 5 2
679 10 3 5 2
679 6 6 2 1
679 5 5 5 2
678 4 5 5 2
678 10 3 5 2
678 6 6 2 1
678 5 5 5 2
677 4 5 5 2
677 10 3 5 2
677 6 6 2 1
677 5 5 5 2
676 4 5 5 2
676 10 3 5 2
676 6 6 2 1
676 5 5 5 2
675 4 5 5 2
675 10 3 5 2
675 6 6 2 1
675 5 5 5 2
674 4 5 5 2
674 10 3 5 2
674 6 6 2 1
674 5 5 5 2
673 4 5 5 2
673 10 3 5 2
673 6 6 2 1
673 5 5 5 2
672 4 5 5 2
672 10 3 5 2
672 6 6 2 1
672 5 5 5 2
671 4 5 5 2
671 10 3 5 2
671 6 6 2 1
671 5 5 5 2
670 4 5 5 2
670 10 3 5 2
670 6 6 2 1
670 5 5 5 2
669 4 5 5 2
669 10 3 5 2
669 6 6 2 1
669 5 5 5 2
668 4 5 5 2
668 10 3 5 2
668 6 6 2 1
668 5 5 5 2
667 4 5 5 2
667 10 3 5 2
667 6 6 2 1
667 5 5 5 2
666 4 5 5 2
666 10 3 5 2
666 6 6 2 1
666 5 5 5 2
665 4 5 5 2
665 10 3 5 2
665 6 6 2 1
665 5 5 5 2
664 4 5 5 2
664 10 3 5 2
664 6 6 2 1
664 5 5 5 2
663 4 5 5 2
663 10 3 5 2
663 6 6 2 1
663 5 5 5 2
662 4 5 5 2
662 10 3 5 2
662 6 6 2 1
662 5 5 5 2
661 4 5 5 2
661 10 3 5 2
661 6 6 2 1
661 5 5 5 2
660 4 5 5 2
660 10 3 5 2
660 6 6 2 1
660 5 5 5 2
659 4 5 5 2
659 10 3 5 2
659 6 6 2 1
659 5 5 5 2
658 4 5 5 2
658 10 3 5 2
658 6 6 2 1
658 5 5 5 2
657 4 5 5 2
657 10 3 5 2
657 6 6 2 1
657 5 5 5 2
656 4 5 5 2
656 10 3 5 2
656 6 6 2 1
656 5 5 5 2
655 4 5 5 2
655 10 3 5 2
655 6 6 2 1
655 5 5 5 2
654 4 5 5 2
654 10 3 5 2
654 6 6 2 1
654 5 5 5 2
653 4 5 5 2
653 10 3 5 2
653 6 6 2 1
653 5 5 5 2
652 4 5 5 2
652 10 3 5 2
652 6 6 2 1
652 5 5 5 2
651 4 5 5 2
651 10 3 5 2
651 6 6 2 1
651 5 5 5 2
650 4 5 5 2
650 10 3 5 2
650 6 6 2 1
650 5 5 5 2
649 4 5 5 2
649 10 3 5 2
649 6 6 2 1
649 5 5 5 2
648 4 5 5 2
648 10 3 5 2
648 6 6 2 1
648 5 5 5 2
647 4 5 5 2
647 10 3 5 2
647 6 6 2 1
647 5 5 5 2
646 4 5 5 2
646 10 3 5 2
646 6 6 2 1
646 5 5 5 2
645 4 5 5 2
645 10 3 5 2
645 6 6 2 1
645 5 5 5 2
644 4 5 5 2
644 10 3 5 2
644 6 6 2 1
644 5 5 5 2
643 4 5 5 2
643 10 3 5 2
643 6 6 2 1
643 5 5 5 2
642 4 5 5 2
642 10 3 5 2
642 6 6 2 1
642 5 5 5 2
641 4 5 5 2
641 10 3 5 2
641 6 6 2 1
641 5 5 5 2
640 4 5 5 2
640 10 3 5 2
640 6 6 2 1
640 5 5 5 2
639 4 5 5 2
639 10 3 5 2
639 6 6 2 1
639 5 5 5 2
638 4 5 5 2
638 10 3 5 2
638 6 6 2 1
638 5 5 5 2
637 4 5 5 2
637 10 3 5 2
637 6 6 2 1
637 5 5 5 2
636 4 5 5 2
636 10 3 5 2
636 6 6 2 1
636 5 5 5 2
635 4 5 5 2
635 10 3 5 2
635 6 6 2 1
635 5 5 5 2
634 4 5 5 2
634 10 3 5 2
634 6 6 2 1
634 5 5 5 2
633 4 5 5 2
633 10 3 5 2
633 6 6 2 1
633 5 5 5 2
632 4 5 5 2
632 10 3 5 2
632 6 6 2 1
632 5 5 5 2
631 4 5 5 2
631 10 3 5 2
631 6 6 2 1
631 5 5 5 2
630 4 5 5 2
630 10 3 5 2
630 6 6 2 1
630 5 5 5 2
629 4 5 5 2
629 10 3 5 2
629 6 6 2 1
629 5 5 5 2
628 4 5 5 2
628 10 3 5 2
628 6 6 2 1
628 5 5 5 2
627 4 5 5 2
627 10 3 5 2
627 6 6 2 1
627 5 5 5 2
626 4 5 5 2
626 10 3 5 2
626 6 6 2 1
626 5 5 5 2
625 4 5 5 2
625 10 3 5 2
625 6 6 2 1
625 5 5 5 2
624 4 5 5 2
624 10 3 5 2
624 6 6 2 1
624 5 5 5 2
623 4 5 5 2
623 10 3 5 2
623 6 6 2 1
623 5 5 5 2
622 4 5 5 2
622 10 3 5 2
622 6 6 2 1
622 5 5 5 2
621 4 5 5 2
621 10 3 5 2
621 6 6 2 1
621 5 5 5 2
620 4 5 5 2
620 10 3 5 2
620 6 6 2 1
620 5 5 5 2
619 4 5 5 2
619 10 3 5 2
619 6 6 2 1
619 5 5 5 2
618 4 5 5 2
618 10 3 5 2
618 6 6 2 1
618 5 5 5 2
617 4 5 5 2
617 10 3 5 2
617 6 6 2 1
617 5 5 5 2
616 4 5 5 2
616 10 3 5 2
616 6 6 2 1
616 5 5 5 2
615 4 5 5 2
615 10 3 5 2
615 6 6 2 1
615 5 5 5 2
614 4 5 5 2
614 10 3 5 2
614 6 6 2 1
614 5 5 5 2
613 4 5 5 2
613 10 3 5 2
613 6 6 2 1
613 5 5 5 2
612 4 5 5 2
612 10 3 5 2
612 6 6 2 1
612 5 5 5 2
611 4 5 5 2
611 10 3 5 2
611 6 6 2 1
611 5 5 5 2
610 4 5 5 2
610 10 3 5 2
610 6 6 2 1
610 5 5 5 2
609 4 5 5 2
609 10 3 5 2
609 6 6 2 1
609 5 5 5 2
608 4 5 5 2
608 10 3 5 2
608 6 6 2 1
608 5 5 5 2
607 4 5 5 2
607 10 3 5 2
607 6 6 2 1
607 5 5 5 2
606 4 5 5 2
606 10 3 5 2
606 6 6 2 1
606 5 5 5 2
605 4 5 5 2
605 10 3 5 2
605 6 6 2 1
605 5 5 5 2
604 4 5 5 2
604 10 3 5 2
604 6 6 2 1
604 5 5 5 2
603 4 5 5 2
603 10 3 5 2
603 6 6 2 1
603 5 5 5 2
602 4 5 5 2
602 10 3 5 2
602 6 6 2 1
602 5 5 5 2
601 4 5 5 2
601 10 3 5 2
601 6 6 2 1
601 5 5 5 2
600 4 5 5 2
600 10 3 5 2
600 6 6 2 1
600 5 5 5 2
599 4 5 5 2
599 10 3 5 2
599 6 6 2 1
599 5 5 5 2
598 4 5 5 2
598 10 3 5 2
598 6 6 2 1
598 5 5 5 2
597 4 5 5 2
597 10 3 5 2
597 6 6 2 1
597 5 5 5 2
596 4 5 5 2
596 10 3 5 2
596 6 6 2 1
596 5 5 5 2
595 4 5 5 2
595 10 3 5 2
595 6 6 2 1
595 5 5 5 2
594 4 5 5 2
594 10 3 5 2
594 6 6 2 1
594 5 5 5 2
593 4 5 5 2
593 10 3 5 2
593 6 6 2 1
593 5 5 5 2
592 4 5 5 2
592 10 3 5 2
592 6 6 2 1
592 5 5 5 2
591 4 5 5 2
591 10 3 5 2
591 6 6 2 1
591 5 5 5 2
590 4 5 5 2
590 10 3 5 2
590 6 6 2 1
590 5 5 5 2
589 4 5 5 2
589 10 3 5 2
589 6 6 2 1
589 5 5 5 2
588 4 5 5 2
588 10 3 5 2
588 6 6 2 1
588 5 5 5 2
587 4 5 5 2
587 10 3 5 2
587 6 6 2 1
587 5 5 5 2
586 4 5 5 2
586 10 3 5 2
586 6 6 2 1
586 5 5 5 2
585 4 5 5 2
585 10 3 5 2
585 6 6 2 1
585 5 5 5 2
584 4 5 5 2
584 10 3 5 2
584 6 6 2 1
584 5 5 5 2
583 4 5 5 2
583 10 3 5 2
583 6 6 2 1
583 5 5 5 2
582 4 5 5 2
582 10 3 5 2
582 6 6 2 1
582 5 5 5 2
581 4 5 5 2
581 10 3 5 2
581 6 6 2 1
581 5 5 5 2
580 4 5 5 2
580 10 3 5 2
580 6 6 2 1
580 5 5 5 2
579 4 5 5 2
579 10 3 5 2
579 6 6 2 1
579 5 5 5 2
578 4 5 5 2
578 10 3 5 2
578 6 6 2 1
578 5 5 5 2
577 4 5 5 2
577 10 3 5 2
577 6 6 2 1
577 5 5 5 2
576 4 5 5 2
576 10 3 5 2
576 6 6 2 1
576 5 5 5 2
575 4 5 5 2
575 10 3 5 2
575 6 6 2 1
575 5 5 5 2
574 4 5 5 2
574 10 3 5 2
574 6 6 2 1
574 5 5 5 2
573 4 5 5 2
573 10 3 5 2
573 6 6 2 1
573 5 5 5 2
572 4 5 5 2
572 10 3 5 2
572 6 6 2 1
572 5 5 5 2
571 4 5 5 2
571 10 3 5 2
571 6 6 2 1
571 5 5 5 2
570 4 5 5 2
570 10 3 5 2
570 6 6 2 1
570 5 5 5 2
569 4 5 5 2
569 10 3 5 2
569 6 6 2 1
569 5 5 5 2
568 4 5 5 2
568 10 3 5 2
568 6 6 2 1
568 5 5 5 2
567 4 5 5 2
567 10 3 5 2
567 6 6 2 1
567 5 5 5 2
566 4 5 5 2
566 10 3 5 2
566 6 6 2 1
566 5 5 5 2
565 4 5 5 2
565 10 3 5 2
565 6 6 2 1
565 5 5 5 2
564 4 5 5 2
564 10 3 5 2
564 6 6 2 1
564 5 5 5 2
563 4 5 5 2
563 10 3 5 2
563 6 6 2 1
563 5 5 5 2
562 4 5 5 2
562 10 3 5 2
562 6 6 2 1
562 5 5 5 2
561 4 5 5 2
561 10 3 5 2
561 6 6 2 1
561 5 5 5 2
560 4 5 5 2
560 10 3 5 2
560 6 6 2 1
560 5 5 5 2
559 4 5 5 2
559 10 3 5 2
559 6 6 2 1
559 5 5 5 2
558 4 5 5 2
558 10 3 5 2
558 6 6 2 1
558 5 5 5 2
557 4 5 5 2
557 10 3 5 2
557 6 6 2 1
557 5 5 5 2
556 4 5 5 2
556 10 3 5 2
556 6 6 2 1
556 5 5 5 2
555 4 5 5 2
555 10 3 5 2
555 6 6 2 1
555 5 5 5 2
554 4 5 5 2
554 10 3 5 2
554 6 6 2 1
554 5 5 5 2
553 4 5 5 2
553 10 3 5 2
553 6 6 2 1
553 5 5 5 2
552 4 5 5 2
552 10 3 5 2
552 6 6 2 1
552 5 5 5 2
551 4 5 5 2
551 10 3 5 2
551 6 6 2 1
551 5 5 5 2
550 4 5 5 2
550 10 3 5 2
550 6 6 2 1
550 5 5 5 2
549 4 5 5 2
549 10 3 5 2
549 6 6 2 1
549 5 5 5 2
548 4 5 5 2
548 10 3 5 2
548 6 6 2 1
548 5 5 5 2
547 4 5 5 2
547 10 3 5 2
547 6 6 2 1
547 5 5 5 2
546 4 5 5 2
546 10 3 5 2
546 6 6 2 1
546 5 5 5 2
545 4 5 5 2
545 10 3 5 2
545 6 6 2 1
545 5 5 5 2
544 4 5 5 2
544 10 3 5 2
544 6 6 2 1
544 5 5 5 2
543 4 5 5 2
543 10 3 5 2
543 6 6 2 1
543 5 5 5 2
542 4 5 5 2
542 10 3 5 2
542 6 6 2 1
542 5 5 5 2
541 4 5 5 2
541 10 3 5 2
541 6 6 2 1
541 5 5 5 2
540 4 5 5 2
540 10 3 5 2
540 6 6 2 1
540 5 5 5 2
539 4 5 5 2
539 10 3 5 2
539 6 6 2 1
539 5 5 5 2
538 4 5 5 2
538 10 3 5 2
538 6 6 2 1
538 5 5 5 2
537 4 5 5 2
537 10 3 5 2
537 6 6 2 1
537 5 5 5 2
536 4 5 5 2
536 10 3 5 2
536 6 6 2 1
536 5 5 5 2
535 4 5 5 2
535 10 3 5 2
535 6 6 2 1
535 5 5 5 2
534 4 5 5 2
534 10 3 5 2
534 6 6 2 1
534 5 5 5 2
533 4 5 5 2
533 10 3 5 2
533 6 6 2 1
533 5 5 5 2
532 4 5 5 2
532 10 3 5 2
532 6 6 2 1
532 5 5 5 2
531 4 5 5 2
531 10 3 5 2
531 6 6 2 1
531 5 5 5 2
530 4 5 5 2
530 10 3 5 2
530 6 6 2 1
530 5 5 5 2
529 4 5 5 2
529 10 3 5 2
529 6 6 2 1
529 5 5 5 2
528 4 5 5 2
528 10 3 5 2
528 6 6 2 1
528 5 5 5 2
527 4 5 5 2
527 10 3 5 2
527 6 6 2 1
527 5 5 5 2
526 4 5 5 2
526 10 3 5 2
526 6 6 2 1
526 5 5 5 2
525 4 5 5 2
525 10 3 5 2
525 6 6 2 1
525 5 5 5 2
524 4 5 5 2
524 10 3 5 2
524 6 6 2 1
524 5 5 5 2
523 4 5 5 2
523 10 3 5 2
523 6 6 2 1
523 5 5 5 2
522 4 5 5 2
522 10 3 5 2
522 6 6 2 1
522 5 5 5 2
521 4 5 5 2
521 10 3 5 2
521 6 6 2 1
521 5 5 5 2
520 4 5 5 2
520 10 3 5 2
520 6 6 2 1
520 5 5 5 2
519 4 5 5 2
519 10 3 5 2
519 6 6 2 1
519 5 5 5 2
518 4 5 5 2
518 10 3 5 2
518 6 6 2 1
518 5 5 5 2
517 4 5 5 2
517 10 3 5 2
517 6 6 2 1
517 5 5 5 2
516 4 5 5 2
516 10 3 5 2
516 6 6 2 1
516 5 5 5 2
515 4 5 5 2
515 10 3 5 2
515 6 6 2 1
515 5 5 5 2
514 4 5 5 2
514 10 3 5 2
514 6 6 2 1
514 5 5 5 2
513 4 5 5 2
513 10 3 5 2
513 6 6 2 1
513 5 5 5 2
512 4 5 5 2
512 10 3 5 2
512 6 6 2 1
512 5 5 5 2
511 4 5 5 2
511 10 3 5 2
511 6 6 2 1
511 5 5 5 2
510 4 5 5 2
510 10 3 5 2
510 6 6 2 1
510 5 5 5 2
509 4 5 5 2
509 10 3 5 2
509 6 6 2 1
509 5 5 5 2
508 4 5 5 2
508 10 3 5 2
508 6 6 2 1
508 5 5 5 2
507 4 5 5 2
507 10 3 5 2
507 6 6 2 1
507 5 5 5 2
506 4 5 5 2
506 10 3 5 2
506 6 6 2 1
506 5 5 5 2
505 4 5 5 2
505 10 3 5 2
505 6 6 2 1
505 5 5 5 2
504 4 5 5 2
504 10 3 5 2
504 6 6 2 1
504 5 5 5 2
503 4 5 5 2
503 10 3 5 2
503 6 6 2 1
503 5 5 5 2
502 4 5 5 2
502 10 3 5 2
502 6 6 2 1
502 5 5 5 2
501 4 5 5 2
501 10 3 5 2
501 6 6 2 1
501 5 5 5 2
500 4 5 5 2
500 10 3 5 2
500 6 6 2 1
500 5 5 5 2
499 4 5 5 2
499 10 3 5 2
499 6 6 2 1
499 5 5 5 2
498 4 5 5 2
498 10 3 5 2
498 6 6 2 1
498 5 5 5 2
497 4 5 5 2
497 10 3 5 2
497 6 6 2 1
497 5 5 5 2
496 4 5 5 2
496 10 3 5 2
496 6 6 2 1
496 5 5 5 2
495 4 5 5 2
495 10 3 5 2
495 6 6 2 1
495 5 5 5 2
494 4 5 5 2
494 10 3 5 2
494 6 6 2 1
494 5 5 5 2
493 4 5 5 2
493 10 3 5 2
493 6 6 2 1
493 5 5 5 2
492 4 5 5 2
492 10 3 5 2
492 6 6 2 1
492 5 5 5 2
491 4 5 5 2
491 10 3 5 2
491 6 6 2 1
491 5 5 5 2
490 4 5 5 2
490 10 3 5 2
490 6 6 2 1
490 5 5 5 2
489 4 5 5 2
489 10 3 5 2
489 6 6 2 1
489 5 5 5 2
488 4 5 5 2
488 10 3 5 2
488 6 6 2 1
488 5 5 5 2
487 4 5 5 2
487 10 3 5 2
487 6 6 2 1
487 5 5 5 2
486 4 5 5 2
486 10 3 5 2
486 6 6 2 1
486 5 5 5 2
485 4 5 5 2
485 10 3 5 2
485 6 6 2 1
485 5 5 5 2
484 4 5 5 2
484 10 3 5 2
484 6 6 2 1
484 5 5 5 2
483 4 5 5 2
483 10 3 5 2
483 6 6 2 1
483 5 5 5 2
482 4 5 5 2
482 10 3 5 2
482 6 6 2 1
482 5 5 5 2
481 4 5 5 2
481 10 3 5 2
481 6 6 2 1
481 5 5 5 2
480 4 5 5 2
480 10 3 5 2
480 6 6 2 1
480 5 5 5 2
479 4 5 5 2
479 10 3 5 2
479 6 6 2 1
479 5 5 5 2
478 4 5 5 2
478 10 3 5 2
478 6 6 2 1
478 5 5 5 2
477 4 5 5 2
477 10 3 5 2
477 6 6 2 1
477 5 5 5 2
476 4 5 5 2
476 10 3 5 2
476 6 6 2 1
476 5 5 5 2
475 4 5 5 2
475 10 3 5 2
475 6 6 2 1
475 5 5 5 2
474 4 5 5 2
474 10 3 5 2
474 6 6 2 1
474 5 5 5 2
473 4 5 5 2
473 10 3 5 2
473 6 6 2 1
473 5 5 5 2
472 4 5 5 2
472 10 3 5 2
472 6 6 2 1
472 5 5 5 2
471 4 5 5 2
471 10 3 5 2
471 6 6 2 1
471 5 5 5 2
470 4 5 5 2
470 10 3 5 2
470 6 6 2 1
470 5 5 5 2
469 4 5 5 2
469 10 3 5 2
469 6 6 2 1
469 5 5 5 2
468 4 5 5 2
468 10 3 5 2
468 6 6 2 1
468 5 5 5 2
467 4 5 5 2
467 10 3 5 2
467 6 6 2 1
467 5 5 5 2
466 4 5 5 2
466 10 3 5 2
466 6 6 2 1
466 5 5 5 2
465 4 5 5 2
465 10 3 5 2
465 6 6 2 1
465 5 5 5 2
464 4 5 5 2
464 10 3 5 2
464 6 6 2 1
464 5 5 5 2
463 4 5 5 2
463 10 3 5 2
463 6 6 2 1
463 5 5 5 2
462 4 5 5 2
462 10 3 5 2
462 6 6 2 1
462 5 5 5 2
461 4 5 5 2
461 10 3 5 2
461 6 6 2 1
461 5 5 5 2
460 4 5 5 2
460 10 3 5 2
460 6 6 2 1
460 5 5 5 2
459 4 5 5 2
459 10 3 5 2
459 6 6 2 1
459 5 5 5 2
458 4 5 5 2
458 10 3 5 2
458 6 6 2 1
458 5 5 5 2
457 4 5 5 2
457 10 3 5 2
457 6 6 2 1
457 5 5 5 2
456 4 5 5 2
456 10 3 5 2
456 6 6 2 1
456 5 5 5 2
455 4 5 5 2
455 10 3 5 2
455 6 6 2 1
455 5 5 5 2
454 4 5 5 2
454 10 3 5 2
454 6 6 2 1
454 5 5 5 2
453 4 5 5 2
453 10 3 5 2
453 6 6 2 1
453 5 5 5 2
452 4 5 5 2
452 10 3 5 2
452 6 6 2 1
452 5 5 5 2
451 4 5 5 2
451 10 3 5 2
451 6 6 2 1
451 5 5 5 2
450 4 5 5 2
450 10 3 5 2
450 6 6 2 1
450 5 5 5 2
449 4 5 5 2
449 10 3 5 2
449 6 6 2 1
449 5 5 5 2
448 4 5 5 2
448 10 3 5 2
448 6 6 2 1
448 5 5 5 2
447 4 5 5 2
447 10 3 5 2
447 6 6 2 1
447 5 5 5 2
446 4 5 5 2
446 10 3 5 2
446 6 6 2 1
446 5 5 5 2
445 4 5 5 2
445 10 3 5 2
445 6 6 2 1
445 5 5 5 2
444 4 5 5 2
444 10 3 5 2
444 6 6 2 1
444 5 5 5 2
443 4 5 5 2
443 10 3 5 2
443 6 6 2 1
443 5 5 5 2
442 4 5 5 2
442 10 3 5 2
442 6 6 2 1
442 5 5 5 2
441 4 5 5 2
441 10 3 5 2
441 6 6 2 1
441 5 5 5 2
440 4 5 5 2
440 10 3 5 2
440 6 6 2 1
440 5 5 5 2
439 4 5 5 2
439 10 3 5 2
439 6 6 2 1
439 5 5 5 2
438 4 5 5 2
438 10 3 5 2
438 6 6 2 1
438 5 5 5 2
437 4 5 5 2
437 10 3 5 2
437 6 6 2 1
437 5 5 5 2
436 4 5 5 2
436 10 3 5 2
436 6 6 2 1
436 5 5 5 2
435 4 5 5 2
435 10 3 5 2
435 6 6 2 1
435 5 5 5 2
434 4 5 5 2
434 10 3 5 2
434 6 6 2 1
434 5 5 5 2
433 4 5 5 2
433 10 3 5 2
433 6 6 2 1
433 5 5 5 2
432 4 5 5 2
432 10 3 5 2
432 6 6 2 1
432 5 5 5 2
431 4 5 5 2
431 10 3 5 2
431 6 6 2 1
431 5 5 5 2
430 4 5 5 2
430 10 3 5 2
430 6 6 2 1
430 5 5 5 2
429 4 5 5 2
429 10 3 5 2
429 6 6 2 1
429 5 5 5 2
428 4 5 5 2
428 10 3 5 2
428 6 6 2 1
428 5 5 5 2
427 4 5 5 2
427 10 3 5 2
427 6 6 2 1
427 5 5 5 2
426 4 5 5 2
426 10 3 5 2
426 6 6 2 1
426 5 5 5 2
425 4 5 5 2
425 10 3 5 2
425 6 6 2 1
425 5 5 5 2
424 4 5 5 2
424 10 3 5 2
424 6 6 2 1
424 5 5 5 2
423 4 5 5 2
423 10 3 5 2
423 6 6 2 1
423 5 5 5 2
422 4 5 5 2
422 10 3 5 2
422 6 6 2 1
422 5 5 5 2
421 4 5 5 2
421 10 3 5 2
421 6 6 2 1
421 5 5 5 2
420 4 5 5 2
420 10 3 5 2
420 6 6 2 1
420 5 5 5 2
419 4 5 5 2
419 10 3 5 2
419 6 6 2 1
419 5 5 5 2
418 4 5 5 2
418 10 3 5 2
418 6 6 2 1
418 5 5 5 2
417 4 5 5 2
417 10 3 5 2
417 6 6 2 1
417 5 5 5 2
416 4 5 5 2
416 10 3 5 2
416 6 6 2 1
416 5 5 5 2
415 4 5 5 2
415 10 3 5 2
415 6 6 2 1
415 5 5 5 2
414 4 5 5 2
414 10 3 5 2
414 6 6 2 1
414 5 5 5 2
413 4 5 5 2
413 10 3 5 2
413 6 6 2 1
413 5 5 5 2
412 4 5 5 2
412 10 3 5 2
412 6 6 2 1
412 5 5 5 2
411 4 5 5 2
411 10 3 5 2
411 6 6 2 1
411 5 5 5 2
410 4 5 5 2
410 10 3 5 2
410 6 6 2 1
410 5 5 5 2
409 4 5 5 2
409 10 3 5 2
409 6 6 2 1
409 5 5 5 2
408 4 5 5 2
408 10 3 5 2
408 6 6 2 1
408 5 5 5 2
407 4 5 5 2
407 10 3 5 2
407 6 6 2 1
407 5 5 5 2
406 4 5 5 2
406 10 3 5 2
406 6 6 2 1
406 5 5 5 2
405 4 5 5 2
405 10 3 5 2
405 6 6 2 1
405 5 5 5 2
404 4 5 5 2
404 10 3 5 2
404 6 6 2 1
404 5 5 5 2
403 4 5 5 2
403 10 3 5 2
403 6 6 2 1
403 5 5 5 2
402 4 5 5 2
402 10 3 5 2
402 6 6 2 1
402 5 5 5 2
401 4 5 5 2
401 10 3 5 2
401 6 6 2 1
401 5 5 5 2
400 4 5 5 2
400 10 3 5 2
400 6 6 2 1
400 5 5 5 2
399 4 5 5 2
399 10 3 5 2
399 6 6 2 1
399 5 5 5 2
398 4 5 5 2
398 10 3 5 2
398 6 6 2 1
398 5 5 5 2
397 4 5 5 2
397 10 3 5 2
397 6 6 2 1
397 5 5 5 2
396 4 5 5 2
396 10 3 5 2
396 6 6 2 1
396 5 5 5 2
395 4 5 5 2
395 10 3 5 2
395 6 6 2 1
395 5 5 5 2
394 4 5 5 2
394 10 3 5 2
394 6 6 2 1
394 5 5 5 2
393 4 5 5 2
393 10 3 5 2
393 6 6 2 1
393 5 5 5 2
392 4 5 5 2
392 10 3 5 2
392 6 6 2 1
392 5 5 5 2
391 4 5 5 2
391 10 3 5 2
391 6 6 2 1
391 5 5 5 2
390 4 5 5 2
390 10 3 5 2
390 6 6 2 1
390 5 5 5 2
389 4 5 5 2
389 10 3 5 2
389 6 6 2 1
389 5 5 5 2
388 4 5 5 2
388 10 3 5 2
388 6 6 2 1
388 5 5 5 2
387 4 5 5 2
387 10 3 5 2
387 6 6 2 1
387 5 5 5 2
386 4 5 5 2
386 10 3 5 2
386 6 6 2 1
386 5 5 5 2
385 4 5 5 2
385 10 3 5 2
385 6 6 2 1
385 5 5 5 2
384 4 5 5 2
384 10 3 5 2
384 6 6 2 1
384 5 5 5 2
383 4 5 5 2
383 10 3 5 2
383 6 6 2 1
383 5 5 5 2
382 4 5 5 2
382 10 3 5 2
382 6 6 2 1
382 5 5 5 2
381 4 5 5 2
381 10 3 5 2
381 6 6 2 1
381 5 5 5 2
380 4 5 5 2
380 10 3 5 2
380 6 6 2 1
380 5 5 5 2
379 4 5 5 2
379 10 3 5 2
379 6 6 2 1
379 5 5 5 2
378 4 5 5 2
378 10 3 5 2
378 6 6 2 1
378 5 5 5 2
377 4 5 5 2
377 10 3 5 2
377 6 6 2 1
377 5 5 5 2
376 4 5 5 2
376 10 3 5 2
376 6 6 2 1
376 5 5 5 2
375 4 5 5 2
375 10 3 5 2
375 6 6 2 1
375 5 5 5 2
374 4 5 5 2
374 10 3 5 2
374 6 6 2 1
374 5 5 5 2
373 4 5 5 2
373 10 3 5 2
373 6 6 2 1
373 5 5 5 2
372 4 5 5 2
372 10 3 5 2
372 6 6 2 1
372 5 5 5 2
371 4 5 5 2
371 10 3 5 2
371 6 6 2 1
371 5 5 5 2
370 4 5 5 2
370 10 3 5 2
370 6 6 2 1
370 5 5 5 2
369 4 5 5 2
369 10 3 5 2
369 6 6 2 1
369 5 5 5 2
368 4 5 5 2
368 10 3 5 2
368 6 6 2 1
368 5 5 5 2
367 4 5 5 2
367 10 3 5 2
367 6 6 2 1
367 5 5 5 2
366 4 5 5 2
366 10 3 5 2
366 6 6 2 1
366 5 5 5 2
365 4 5 5 2
365 10 3 5 2
365 6 6 2 1
365 5 5 5 2
364 4 5 5 2
364 10 3 5 2
364 6 6 2 1
364 5 5 5 2
363 4 5 5 2
363 10 3 5 2
363 6 6 2 1
363 5 5 5 2
362 4 5 5 2
362 10 3 5 2
362 6 6 2 1
362 5 5 5 2
361 4 5 5 2
361 10 3 5 2
361 6 6 2 1
361 5 5 5 2
360 4 5 5 2
360 10 3 5 2
360 6 6 2 1
360 5 5 5 2
359 4 5 5 2
359 10 3 5 2
359 6 6 2 1
359 5 5 5 2
358 4 5 5 2
358 10 3 5 2
358 6 6 2 1
358 5 5 5 2
357 4 5 5 2
357 10 3 5 2
357 6 6 2 1
357 5 5 5 2
356 4 5 5 2
356 10 3 5 2
356 6 6 2 1
356 5 5 5 2
355 4 5 5 2
355 10 3 5 2
355 6 6 2 1
355 5 5 5 2
354 4 5 5 2
354 10 3 5 2
354 6 6 2 1
354 5 5 5 2
353 4 5 5 2
353 10 3 5 2
353 6 6 2 1
353 5 5 5 2
352 4 5 5 2
352 10 3 5 2
352 6 6 2 1
352 5 5 5 2
351 4 5 5 2
351 10 3 5 2
351 6 6 2 1
351 5 5 5 2
350 4 5 5 2
350 10 3 5 2
350 6 6 2 1
350 5 5 5 2
349 4 5 5 2
349 10 3 5 2
349 6 6 2 1
349 5 5 5 2
348 4 5 5 2
348 10 3 5 2
348 6 6 2 1
348 5 5 5 2
347 4 5 5 2
347 10 3 5 2
347 6 6 2 1
347 5 5 5 2
346 4 5 5 2
346 10 3 5 2
346 6 6 2 1
346 5 5 5 2
345 4 5 5 2
345 10 3 5 2
345 6 6 2 1
345 5 5 5 2
344 4 5 5 2
344 10 3 5 2
344 6 6 2 1
344 5 5 5 2
343 4 5 5 2
343 10 3 5 2
343 6 6 2 1
343 5 5 5 2
342 4 5 5 2
342 10 3 5 2
342 6 6 2 1
342 5 5 5 2
341 4 5 5 2
341 10 3 5 2
341 6 6 2 1
341 5 5 5 2
340 4 5 5 2
340 10 3 5 2
340 6 6 2 1
340 5 5 5 2
339 4 5 5 2
339 10 3 5 2
339 6 6 2 1
339 5 5 5 2
338 4 5 5 2
338 10 3 5 2
338 6 6 2 1
338 5 5 5 2
337 4 5 5 2
337 10 3 5 2
337 6 6 2 1
337 5 5 5 2
336 4 5 5 2
336 10 3 5 2
336 6 6 2 1
336 5 5 5 2
335 4 5 5 2
335 10 3 5 2
335 6 6 2 1
335 5 5 5 2
334 4 5 5 2
334 10 3 5 2
334 6 6 2 1
334 5 5 5 2
333 4 5 5 2
333 10 3 5 2
333 6 6 2 1
333 5 5 5 2
332 4 5 5 2
332 10 3 5 2
332 6 6 2 1
332 5 5 5 2
331 4 5 5 2
331 10 3 5 2
331 6 6 2 1
331 5 5 5 2
330 4 5 5 2
330 10 3 5 2
330 6 6 2 1
330 5 5 5 2
329 4 5 5 2
329 10 3 5 2
329 6 6 2 1
329 5 5 5 2
328 4 5 5 2
328 10 3 5 2
328 6 6 2 1
328 5 5 5 2
327 4 5 5 2
327 10 3 5 2
327 6 6 2 1
327 5 5 5 2
326 4 5 5 2
326 10 3 5 2
326 6 6 2 1
326 5 5 5 2
325 4 5 5 2
325 10 3 5 2
325 6 6 2 1
325 5 5 5 2
324 4 5 5 2
324 10 3 5 2
324 6 6 2 1
324 5 5 5 2
323 4 5 5 2
323 10 3 5 2
323 6 6 2 1
323 5 5 5 2
322 4 5 5 2
322 10 3 5 2
322 6 6 2 1
322 5 5 5 2
321 4 5 5 2
321 10 3 5 2
321 6 6 2 1
321 5 5 5 2
320 4 5 5 2
320 10 3 5 2
320 6 6 2 1
320 5 5 5 2
319 4 5 5 2
319 10 3 5 2
319 6 6 2 1
319 5 5 5 2
318 4 5 5 2
318 10 3 5 2
318 6 6 2 1
318 5 5 5 2
317 4 5 5 2
317 10 3 5 2
317 6 6 2 1
317 5 5 5 2
316 4 5 5 2
316 10 3 5 2
316 6 6 2 1
316 5 5 5 2
315 4 5 5 2
315 10 3 5 2
315 6 6 2 1
315 5 5 5 2
314 4 5 5 2
314 10 3 5 2
314 6 6 2 1
314 5 5 5 2
313 4 5 5 2
313 10 3 5 2
313 6 6 2 1
313 5 5 5 2
312 4 5 5 2
312 10 3 5 2
312 6 6 2 1
312 5 5 5 2
311 4 5 5 2
311 10 3 5 2
311 6 6 2 1
311 5 5 5 2
310 4 5 5 2
310 10 3 5 2
310 6 6 2 1
310 5 5 5 2
309 4 5 5 2
309 10 3 5 2
309 6 6 2 1
309 5 5 5 2
308 4 5 5 2
308 10 3 5 2
308 6 6 2 1
308 5 5 5 2
307 4 5 5 2
307 10 3 5 2
307 6 6 2 1
307 5 5 5 2
306 4 5 5 2
306 10 3 5 2
306 6 6 2 1
306 5 5 5 2
305 4 5 5 2
305 10 3 5 2
305 6 6 2 1
305 5 5 5 2
304 4 5 5 2
304 10 3 5 2
304 6 6 2 1
304 5 5 5 2
303 4 5 5 2
303 10 3 5 2
303 6 6 2 1
303 5 5 5 2
302 4 5 5 2
302 10 3 5 2
302 6 6 2 1
302 5 5 5 2
301 4 5 5 2
301 10 3 5 2
301 6 6 2 1
301 5 5 5 2
300 4 5 5 2
300 10 3 5 2
300 6 6 2 1
300 5 5 5 2
299 4 5 5 2
299 10 3 5 2
299 6 6 2 1
299 5 5 5 2
298 4 5 5 2
298 10 3 5 2
298 6 6 2 1
298 5 5 5 2
297 4 5 5 2
297 10 3 5 2
297 6 6 2 1
297 5 5 5 2
296 4 5 5 2
296 10 3 5 2
296 6 6 2 1
296 5 5 5 2
295 4 5 5 2
295 10 3 5 2
295 6 6 2 1
295 5 5 5 2
294 4 5 5 2
294 10 3 5 2
294 6 6 2 1
294 5 5 5 2
293 4 5 5 2
293 10 3 5 2
293 6 6 2 1
293 5 5 5 2
292 4 5 5 2
292 10 3 5 2
292 6 6 2 1
292 5 5 5 2
291 4 5 5 2
291 10 3 5 2
291 6 6 2 1
291 5 5 5 2
290 4 5 5 2
290 10 3 5 2
290 6 6 2 1
290 5 5 5 2
289 4 5 5 2
289 10 3 5 2
289 6 6 2 1
289 5 5 5 2
288 4 5 5 2
288 10 3 5 2
288 6 6 2 1
288 5 5 5 2
287 4 5 5 2
287 10 3 5 2
287 6 6 2 1
287 5 5 5 2
286 4 5 5 2
286 10 3 5 2
286 6 6 2 1
286 5 5 5 2
285 4 5 5 2
285 10 3 5 2
285 6 6 2 1
285 5 5 5 2
284 4 5 5 2
284 10 3 5 2
284 6 6 2 1
284 5 5 5 2
283 4 5 5 2
283 10 3 5 2
283 6 6 2 1
283 5 5 5 2
282 4 5 5 2
282 10 3 5 2
282 6 6 2 1
282 5 5 5 2
281 4 5 5 2
281 10 3 5 2
281 6 6 2 1
281 5 5 5 2
280 4 5 5 2
280 10 3 5 2
280 6 6 2 1
280 5 5 5 2
279 4 5 5 2
279 10 3 5 2
279 6 6 2 1
279 5 5 5 2
278 4 5 5 2
278 10 3 5 2
278 6 6 2 1
278 5 5 5 2
277 4 5 5 2
277 10 3 5 2
277 6 6 2 1
277 5 5 5 2
276 4 5 5 2
276 10 3 5 2
276 6 6 2 1
276 5 5 5 2
275 4 5 5 2
275 10 3 5 2
275 6 6 2 1
275 5 5 5 2
274 4 5 5 2
274 10 3 5 2
274 6 6 2 1
274 5 5 5 2
273 4 5 5 2
273 10 3 5 2
273 6 6 2 1
273 5 5 5 2
272 4 5 5 2
272 10 3 5 2
272 6 6 2 1
272 5 5 5 2
271 4 5 5 2
271 10 3 5 2
271 6 6 2 1
271 5 5 5 2
270 4 5 5 2
270 10 3 5 2
270 6 6 2 1
270 5 5 5 2
269 4 5 5 2
269 10 3 5 2
269 6 6 2 1
269 5 5 5 2
268 4 5 5 2
268 10 3 5 2
268 6 6 2 1
268 5 5 5 2
267 4 5 5 2
267 10 3 5 2
267 6 6 2 1
267 5 5 5 2
266 4 5 5 2
266 10 3 5 2
266 6 6 2 1
266 5 5 5 2
265 4 5 5 2
265 10 3 5 2
265 6 6 2 1
265 5 5 5 2
264 4 5 5 2
264 10 3 5 2
264 6 6 2 1
264 5 5 5 2
263 4 5 5 2
263 10 3 5 2
263 6 6 2 1
263 5 5 5 2
262 4 5 5 2
262 10 3 5 2
262 6 6 2 1
262 5 5 5 2
261 4 5 5 2
261 10 3 5 2
261 6 6 2 1
261 5 5 5 2
260 4 5 5 2
260 10 3 5 2
260 6 6 2 1
260 5 5 5 2
259 4 5 5 2
259 10 3 5 2
259 6 6 2 1
259 5 5 5 2
258 4 5 5 2
258 10 3 5 2
258 6 6 2 1
258 5 5 5 2
257 4 5 5 2
257 10 3 5 2
257 6 6 2 1
257 5 5 5 2
256 4 5 5 2
256 10 3 5 2
256 6 6 2 1
256 5 5 5 2
255 4 5 5 2
255 10 3 5 2
255 6 6 2 1
255 5 5 5 2
254 4 5 5 2
254 10 3 5 2
254 6 6 2 1
254 5 5 5 2
253 4 5 5 2
253 10 3 5 2
253 6 6 2 1
253 5 5 5 2
252 4 5 5 2
252 10 3 5 2
252 6 6 2 1
252 5 5 5 2
251 4 5 5 2
251 10 3 5 2
251 6 6 2 1
251 5 5 5 2
250 4 5 5 2
250 10 3 5 2
250 6 6 2 1
250 5 5 5 2
249 4 5 5 2
249 10 3 5 2
249 6 6 2 1
249 5 5 5 2
248 4 5 5 2
248 10 3 5 2
248 6 6 2 1
248 5 5 5 2
247 4 5 5 2
247 10 3 5 2
247 6 6 2 1
247 5 5 5 2
246 4 5 5 2
246 10 3 5 2
246 6 6 2 1
246 5 5 5 2
245 4 5 5 2
245 10 3 5 2
245 6 6 2 1
245 5 5 5 2
244 4 5 5 2
244 10 3 5 2
244 6 6 2 1
244 5 5 5 2
243 4 5 5 2
243 10 3 5 2
243 6 6 2 1
243 5 5 5 2
242 4 5 5 2
242 10 3 5 2
242 6 6 2 1
242 5 5 5 2
241 4 5 5 2
241 10 3 5 2
241 6 6 2 1
241 5 5 5 2
240 4 5 5 2
240 10 3 5 2
240 6 6 2 1
240 5 5 5 2
239 4 5 5 2
239 10 3 5 2
239 6 6 2 1
239 5 5 5 2
238 4 5 5 2
238 10 3 5 2
238 6 6 2 1
238 5 5 5 2
237 4 5 5 2
237 10 3 5 2
237 6 6 2 1
237 5 5 5 2
236 4 5 5 2
236 10 3 5 2
236 6 6 2 1
236 5 5 5 2
235 4 5 5 2
235 10 3 5 2
235 6 6 2 1
235 5 5 5 2
234 4 5 5 2
234 10 3 5 2
234 6 6 2 1
234 5 5 5 2
233 4 5 5 2
233 10 3 5 2
233 6 6 2 1
233 5 5 5 2
232 4 5 5 2
232 10 3 5 2
232 6 6 2 1
232 5 5 5 2
231 4 5 5 2
231 10 3 5 2
231 6 6 2 1
231 5 5 5 2
230 4 5 5 2
230 10 3 5 2
230 6 6 2 1
230 5 5 5 2
229 4 5 5 2
229 10 3 5 2
229 6 6 2 1
229 5 5 5 2
228 4 5 5 2
228 10 3 5 2
228 6 6 2 1
228 5 5 5 2
227 4 5 5 2
227 10 3 5 2
227 6 6 2 1
227 5 5 5 2
226 4 5 5 2
226 10 3 5 2
226 6 6 2 1
226 5 5 5 2
225 4 5 5 2
225 10 3 5 2
225 6 6 2 1
225 5 5 5 2
224 4 5 5 2
224 10 3 5 2
224 6 6 2 1
224 5 5 5 2
223 4 5 5 2
223 10 3 5 2
223 6 6 2 1
223 5 5 5 2
222 4 5 5 2
222 10 3 5 2
222 6 6 2 1
222 5 5 5 2
221 4 5 5 2
221 10 3 5 2
221 6 6 2 1
221 5 5 5 2
220 4 5 5 2
220 10 3 5 2
220 6 6 2 1
220 5 5 5 2
219 4 5 5 2
219 10 3 5 2
219 6 6 2 1
219 5 5 5 2
218 4 5 5 2
218 10 3 5 2
218 6 6 2 1
218 5 5 5 2
217 4 5 5 2
217 10 3 5 2
217 6 6 2 1
217 5 5 5 2
216 4 5 5 2
216 10 3 5 2
216 6 6 2 1
216 5 5 5 2
215 4 5 5 2
215 10 3 5 2
215 6 6 2 1
215 5 5 5 2
214 4 5 5 2
214 10 3 5 2
214 6 6 2 1
214 5 5 5 2
213 4 5 5 2
213 10 3 5 2
213 6 6 2 1
213 5 5 5 2
212 4 5 5 2
212 10 3 5 2
212 6 6 2 1
212 5 5 5 2
211 4 5 5 2
211 10 3 5 2
211 6 6 2 1
211 5 5 5 2
210 4 5 5 2
210 10 3 5 2
210 6 6 2 1
210 5 5 5 2
209 4 5 5 2
209 10 3 5 2
209 6 6 2 1
209 5 5 5 2
208 4 5 5 2
208 10 3 5 2
208 6 6 2 1
208 5 5 5 2
207 4 5 5 2
207 10 3 5 2
207 6 6 2 1
207 5 5 5 2
206 4 5 5 2
206 10 3 5 2
206 6 6 2 1
206 5 5 5 2
205 4 5 5 2
205 10 3 5 2
205 6 6 2 1
205 5 5 5 2
204 4 5 5 2
204 10 3 5 2
204 6 6 2 1
204 5 5 5 2
203 4 5 5 2
203 10 3 5 2
203 6 6 2 1
203 5 5 5 2
202 4 5 5 2
202 10 3 5 2
202 6 6 2 1
202 5 5 5 2
201 4 5 5 2
201 10 3 5 2
201 6 6 2 1
201 5 5 5 2
200 4 5 5 2
200 10 3 5 2
200 6 6 2 1
200 5 5 5 2
199 4 5 5 2
199 10 3 5 2
199 6 6 2 1
199 5 5 5 2
198 4 5 5 2
198 10 3 5 2
198 6 6 2 1
198 5 5 5 2
197 4 5 5 2
197 10 3 5 2
197 6 6 2 1
197 5 5 5 2
196 4 5 5 2
196 10 3 5 2
196 6 6 2 1
196 5 5 5 2
195 4 5 5 2
195 10 3 5 2
195 6 6 2 1
195 5 5 5 2
194 4 5 5 2
194 10 3 5 2
194 6 6 2 1
194 5 5 5 2
193 4 5 5 2
193 10 3 5 2
193 6 6 2 1
193 5 5 5 2
192 4 5 5 2
192 10 3 5 2
192 6 6 2 1
192 5 5 5 2
191 4 5 5 2
191 10 3 5 2
191 6 6 2 1
191 5 5 5 2
190 4 5 5 2
190 10 3 5 2
190 6 6 2 1
190 5 5 5 2
189 4 5 5 2
189 10 3 5 2
189 6 6 2 1
189 5 5 5 2
188 4 5 5 2
188 10 3 5 2
188 6 6 2 1
188 5 5 5 2
187 4 5 5 2
187 10 3 5 2
187 6 6 2 1
187 5 5 5 2
186 4 5 5 2
186 10 3 5 2
186 6 6 2 1
186 5 5 5 2
185 4 5 5 2
185 10 3 5 2
185 6 6 2 1
185 5 5 5 2
184 4 5 5 2
184 10 3 5 2
184 6 6 2 1
184 5 5 5 2
183 4 5 5 2
183 10 3 5 2
183 6 6 2 1
183 5 5 5 2
182 4 5 5 2
182 10 3 5 2
182 6 6 2 1
182 5 5 5 2
181 4 5 5 2
181 10 3 5 2
181 6 6 2 1
181 5 5 5 2
180 4 5 5 2
180 10 3 5 2
180 6 6 2 1
180 5 5 5 2
179 4 5 5 2
179 10 3 5 2
179 6 6 2 1
179 5 5 5 2
178 4 5 5 2
178 10 3 5 2
178 6 6 2 1
178 5 5 5 2
177 4 5 5 2
177 10 3 5 2
177 6 6 2 1
177 5 5 5 2
176 4 5 5 2
176 10 3 5 2
176 6 6 2 1
176 5 5 5 2
175 4 5 5 2
175 10 3 5 2
175 6 6 2 1
175 5 5 5 2
174 4 5 5 2
174 10 3 5 2
174 6 6 2 1
174 5 5 5 2
173 4 5 5 2
173 10 3 5 2
173 6 6 2 1
173 5 5 5 2
172 4 5 5 2
172 10 3 5 2
172 6 6 2 1
172 5 5 5 2
171 4 5 5 2
171 10 3 5 2
171 6 6 2 1
171 5 5 5 2
170 4 5 5 2
170 10 3 5 2
170 6 6 2 1
170 5 5 5 2
169 4 5 5 2
169 10 3 5 2
169 6 6 2 1
169 5 5 5 2
168 4 5 5 2
168 10 3 5 2
168 6 6 2 1
168 5 5 5 2
167 4 5 5 2
167 10 3 5 2
167 6 6 2 1
167 5 5 5 2
166 4 5 5 2
166 10 3 5 2
166 6 6 2 1
166 5 5 5 2
165 4 5 5 2
165 10 3 5 2
165 6 6 2 1
165 5 5 5 2
164 4 5 5 2
164 10 3 5 2
164 6 6 2 1
164 5 5 5 2
163 4 5 5 2
163 10 3 5 2
163 6 6 2 1
163 5 5 5 2
162 4 5 5 2
162 10 3 5 2
162 6 6 2 1
162 5 5 5 2
161 4 5 5 2
161 10 3 5 2
161 6 6 2 1
161 5 5 5 2
160 4 5 5 2
160 10 3 5 2
160 6 6 2 1
160 5 5 5 2
159 4 5 5 2
159 10 3 5 2
159 6 6 2 1
159 5 5 5 2
158 4 5 5 2
158 10 3 5 2
158 6 6 2 1
158 5 5 5 2
157 4 5 5 2
157 10 3 5 2
157 6 6 2 1
157 5 5 5 2
156 4 5 5 2
156 10 3 5 2
156 6 6 2 1
156 5 5 5 2
155 4 5 5 2
155 10 3 5 2
155 6 6 2 1
155 5 5 5 2
154 4 5 5 2
154 10 3 5 2
154 6 6 2 1
154 5 5 5 2
153 4 5 5 2
153 10 3 5 2
153 6 6 2 1
153 5 5 5 2
152 4 5 5 2
152 10 3 5 2
152 6 6 2 1
152 5 5 5 2
151 4 5 5 2
151 10 3 5 2
151 6 6 2 1
151 5 5 5 2
150 4 5 5 2
150 10 3 5 2
150 6 6 2 1
150 5 5 5 2
149 4 5 5 2
149 10 3 5 2
149 6 6 2 1
149 5 5 5 2
148 4 5 5 2
148 10 3 5 2
148 6 6 2 1
148 5 5 5 2
147 4 5 5 2
147 10 3 5 2
147 6 6 2 1
147 5 5 5 2
146 4 5 5 2
146 10 3 5 2
146 6 6 2 1
146 5 5 5 2
145 4 5 5 2
145 10 3 5 2
145 6 6 2 1
145 5 5 5 2
144 4 5 5 2
144 10 3 5 2
144 6 6 2 1
144 5 5 5 2
143 4 5 5 2
143 10 3 5 2
143 6 6 2 1
143 5 5 5 2
142 4 5 5 2
142 10 3 5 2
142 6 6 2 1
142 5 5 5 2
141 4 5 5 2
141 10 3 5 2
141 6 6 2 1
141 5 5 5 2
140 4 5 5 2
140 10 3 5 2
140 6 6 2 1
140 5 5 5 2
139 4 5 5 2
139 10 3 5 2
139 6 6 2 1
139 5 5 5 2
138 4 5 5 2
138 10 3 5 2
138 6 6 2 1
138 5 5 5 2
137 4 5 5 2
137 10 3 5 2
137 6 6 2 1
137 5 5 5 2
136 4 5 5 2
136 10 3 5 2
136 6 6 2 1
136 5 5 5 2
135 4 5 5 2
135 10 3 5 2
135 6 6 2 1
135 5 5 5 2
134 4 5 5 2
134 10 3 5 2
134 6 6 2 1
134 5 5 5 2
133 4 5 5 2
133 10 3 5 2
133 6 6 2 1
133 5 5 5 2
132 4 5 5 2
132 10 3 5 2
132 6 6 2 1
132 5 5 5 2
131 4 5 5 2
131 10 3 5 2
131 6 6 2 1
131 5 5 5 2
130 4 5 5 2
130 10 3 5 2
130 6 6 2 1
130 5 5 5 2
129 4 5 5 2
129 10 3 5 2
129 6 6 2 1
129 5 5 5 2
128 4 5 5 2
128 10 3 5 2
128 6 6 2 1
128 5 5 5 2
127 4 5 5 2
127 10 3 5 2
127 6 6 2 1
127 5 5 5 2
126 4 5 5 2
126 10 3 5 2
126 6 6 2 1
126 5 5 5 2
125 4 5 5 2
125 10 3 5 2
125 6 6 2 1
125 5 5 5 2
124 4 5 5 2
124 10 3 5 2
124 6 6 2 1
124 5 5 5 2
123 4 5 5 2
123 10 3 5 2
123 6 6 2 1
123 5 5 5 2
122 4 5 5 2
122 10 3 5 2
122 6 6 2 1
122 5 5 5 2
121 4 5 5 2
121 10 3 5 2
121 6 6 2 1
121 5 5 5 2
120 4 5 5 2
120 10 3 5 2
120 6 6 2 1
120 5 5 5 2
119 4 5 5 2
119 10 3 5 2
119 6 6 2 1
119 5 5 5 2
118 4 5 5 2
118 10 3 5 2
118 6 6 2 1
118 5 5 5 2
117 4 5 5 2
117 10 3 5 2
117 6 6 2 1
117 5 5 5 2
116 4 5 5 2
116 10 3 5 2
116 6 6 2 1
116 5 5 5 2
115 4 5 5 2
115 10 3 5 2
115 6 6 2 1
115 5 5 5 2
114 4 5 5 2
114 10 3 5 2
114 6 6 2 1
114 5 5 5 2
113 4 5 5 2
113 10 3 5 2
113 6 6 2 1
113 5 5 5 2
112 4 5 5 2
112 10 3 5 2
112 6 6 2 1
112 5 5 5 2
111 4 5 5 2
111 10 3 5 2
111 6 6 2 1
111 5 5 5 2
110 4 5 5 2
110 10 3 5 2
110 6 6 2 1
110 5 5 5 2
109 4 5 5 2
109 10 3 5 2
109 6 6 2 1
109 5 5 5 2
108 4 5 5 2
108 10 3 5 2
108 6 6 2 1
108 5 5 5 2
107 4 5 5 2
107 10 3 5 2
107 6 6 2 1
107 5 5 5 2
106 4 5 5 2
106 10 3 5 2
106 6 6 2 1
106 5 5 5 2
105 4 5 5 2
105 10 3 5 2
105 6 6 2 1
105 5 5 5 2
104 4 5 5 2
104 10 3 5 2
104 6 6 2 1
104 5 5 5 2
103 4 5 5 2
103 10 3 5 2
103 6 6 2 1
103 5 5 5 2
102 4 5 5 2
102 10 3 5 2
102 6 6 2 1
102 5 5 5 2
101 4 5 5 2
101 10 3 5 2
101 6 6 2 1
101 5 5 5 2
100 4 5 5 2
100 10 3 5 2
100 6 6 2 1
100 5 5 5 2
99 4 5 5 2
99 10 3 5 2
99 6 6 2 1
99 5 5 5 2
98 4 5 5 2
98 10 3 5 2
98 6 6 2 1
98 5 5 5 2
97 4 5 5 2
97 10 3 5 2
97 6 6 2 1
97 5 5 5 2
96 4 5 5 2
96 10 3 5 2
96 6 6 2 1
96 5 5 5 2
95 4 5 5 2
95 10 3 5 2
95 6 6 2 1
95 5 5 5 2
94 4 5 5 2
94 10 3 5 2
94 6 6 2 1
94 5 5 5 2
93 4 5 5 2
93 10 3 5 2
93 6 6 2 1
93 5 5 5 2
92 4 5 5 2
92 10 3 5 2
92 6 6 2 1
92 5 5 5 2
91 4 5 5 2
91 10 3 5 2
91 6 6 2 1
91 5 5 5 2
90 4 5 5 2
90 10 3 5 2
90 6 6 2 1
90 5 5 5 2
89 4 5 5 2
89 10 3 5 2
89 6 6 2 1
89 5 5 5 2
88 4 5 5 2
88 10 3 5 2
88 6 6 2 1
88 5 5 5 2
87 4 5 5 2
87 10 3 5 2
87 6 6 2 1
87 5 5 5 2
86 4 5 5 2
86 10 3 5 2
86 6 6 2 1
86 5 5 5 2
85 4 5 5 2
85 10 3 5 2
85 6 6 2 1
85 5 5 5 2
84 4 5 5 2
84 10 3 5 2
84 6 6 2 1
84 5 5 5 2
83 4 5 5 2
83 10 3 5 2
83 6 6 2 1
83 5 5 5 2
82 4 5 5 2
82 10 3 5 2
82 6 6 2 1
82 5 5 5 2
81 4 5 5 2
81 10 3 5 2
81 6 6 2 1
81 5 5 5 2
80 4 5 5 2
80 10 3 5 2
80 6 6 2 1
80 5 5 5 2
79 4 5 5 2
79 10 3 5 2
79 6 6 2 1
79 5 5 5 2
78 4 5 5 2
78 10 3 5 2
78 6 6 2 1
78 5 5 5 2
77 4 5 5 2
77 10 3 5 2
77 6 6 2 1
77 5 5 5 2
76 4 5 5 2
76 10 3 5 2
76 6 6 2 1
76 5 5 5 2
75 4 5 5 2
75 10 3 5 2
75 6 6 2 1
75 5 5 5 2
74 4 5 5 2
74 10 3 5 2
74 6 6 2 1
74 5 5 5 2
73 4 5 5 2
73 10 3 5 2
73 6 6 2 1
73 5 5 5 2
72 4 5 5 2
72 10 3 5 2
72 6 6 2 1
72 5 5 5 2
71 4 5 5 2
71 10 3 5 2
71 6 6 2 1
71 5 5 5 2
70 4 5 5 2
70 10 3 5 2
70 6 6 2 1
70 5 5 5 2
69 4 5 5 2
69 10 3 5 2
69 6 6 2 1
69 5 5 5 2
68 4 5 5 2
68 10 3 5 2
68 6 6 2 1
68 5 5 5 2
67 4 5 5 2
67 10 3 5 2
67 6 6 2 1
67 5 5 5 2
66 4 5 5 2
66 10 3 5 2
66 6 6 2 1
66 5 5 5 2
65 4 5 5 2
65 10 3 5 2
65 6 6 2 1
65 5 5 5 2
64 4 5 5 2
64 10 3 5 2
64 6 6 2 1
64 5 5 5 2
63 4 5 5 2
63 10 3 5 2
63 6 6 2 1
63 5 5 5 2
62 4 5 5 2
62 10 3 5 2
62 6 6 2 1
62 5 5 5 2
61 4 5 5 2
61 10 3 5 2
61 6 6 2 1
61 5 5 5 2
60 4 5 5 2
60 10 3 5 2
60 6 6 2 1
60 5 5 5 2
59 4 5 5 2
59 10 3 5 2
59 6 6 2 1
59 5 5 5 2
58 4 5 5 2
58 10 3 5 2
58 6 6 2 1
58 5 5 5 2
57 4 5 5 2
57 10 3 5 2
57 6 6 2 1
57 5 5 5 2
56 4 5 5 2
56 10 3 5 2
56 6 6 2 1
56 5 5 5 2
55 4 5 5 2
55 10 3 5 2
55 6 6 2 1
55 5 5 5 2
54 4 5 5 2
54 10 3 5 2
54 6 6 2 1
54 5 5 5 2
53 4 5 5 2
53 10 3 5 2
53 6 6 2 1
53 5 5 5 2
52 4 5 5 2
52 10 3 5 2
52 6 6 2 1
52 5 5 5 2
51 4 5 5 2
51 10 3 5 2
51 6 6 2 1
51 5 5 5 2
50 4 5 5 2
50 10 3 5 2
50 6 6 2 1
50 5 5 5 2
49 4 5 5 2
49 10 3 5 2
49 6 6 2 1
49 5 5 5 2
48 4 5 5 2
48 10 3 5 2
48 6 6 2 1
48 5 5 5 2
47 4 5 5 2
47 10 3 5 2
47 6 6 2 1
47 5 5 5 2
46 4 5 5 2
46 10 3 5 2
46 6 6 2 1
46 5 5 5 2
45 4 5 5 2
45 10 3 5 2
45 6 6 2 1
45 5 5 5 2
44 4 5 5 2
44 10 3 5 2
44 6 6 2 1
44 5 5 5 2
43 4 5 5 2
43 10 3 5 2
43 6 6 2 1
43 5 5 5 2
42 4 5 5 2
42 10 3 5 2
42 6 6 2 1
42 5 5 5 2
41 4 5 5 2
41 10 3 5 2
41 6 6 2 1
41 5 5 5 2
40 4 5 5 2
40 10 3 5 2
40 6 6 2 1
40 5 5 5 2
39 4 5 5 2
39 10 3 5 2
39 6 6 2 1
39 5 5 5 2
38 4 5 5 2
38 10 3 5 2
38 6 6 2 1
38 5 5 5 2
37 4 5 5 2
37 10 3 5 2
37 6 6 2 1
37 5 5 5 2
36 4 5 5 2
36 10 3 5 2
36 6 6 2 1
36 5 5 5 2
35 4 5 5 2
35 10 3 5 2
35 6 6 2 1
35 5 5 5 2
34 4 5 5 2
34 10 3 5 2
34 6 6 2 1
34 5 5 5 2
33 4 5 5 2
33 10 3 5 2
33 6 6 2 1
33 5 5 5 2
32 4 5 5 2
32 10 3 5 2
32 6 6 2 1
32 5 5 5 2
31 4 5 5 2
31 10 3 5 2
31 6 6 2 1
31 5 5 5 2
30 4 5 5 2
30 10 3 5 2
30 6 6 2 1
30 5 5 5 2
29 4 5 5 2
29 10 3 5 2
29 6 6 2 1
29 5 5 5 2
28 4 5 5 2
28 10 3 5 2
28 6 6 2 1
28 5 5 5 2
27 4 5 5 2
27 10 3 5 2
27 6 6 2 1
27 5 5 5 2
26 4 5 5 2
26 10 3 5 2
26 6 6 2 1
26 5 5 5 2
25 4 5 5 2
25 10 3 5 2
25 6 6 2 1
25 5 5 5 2
24 4 5 5 2
24 10 3 5 2
24 6 6 2 1
24 5 5 5 2
23 4 5 5 2
23 10 3 5 2
23 6 6 2 1
23 5 5 5 2
22 4 5 5 2
22 10 3 5 2
22 6 6 2 1
22 5 5 5 2
21 4 5 5 2
21 10 3 5 2
21 6 6 2 1
21 5 5 5 2
20 4 5 5 2
20 10 3 5 2
20 6 6 2 1
20 5 5 5 2
19 4 5 5 2
19 10 3 5 2
19 6 6 2 1
19 5 5 5 2
18 4 5 5 2
18 10 3 5 2
18 6 6 2 1
18 5 5 5 2
17 4 5 5 2
17 10 3 5 2
17 6 6 2 1
17 5 5 5 2
16 4 5 5 2
16 10 3 5 2
16 6 6 2 1
16 5 5 5 2
15 4 5 5 2
15 10 3 5 2
15 6 6 2 1
15 5 5 5 2
14 4 5 5 2
14 10 3 5 2
14 6 6 2 1
14 5 5 5 2
13 4 5 5 2
13 10 3 5 2
13 6 6 2 1
13 5 5 5 2
12 4 5 5 2
12 10 3 5 2
12 6 6 2 1
12 5 5 5 2
11 4 5 5 2
11 10 3 5 2
11 6 6 2 1
11 5 5 5 2
10 4 5 5 2
10 10 3 5 2
10 6 6 2 1
10 5 5 5 2
9 4 5 5 2
9 10 3 5 2
9 6 6 2 1
9 5 5 5 2
8 4 5 5 2
8 10 3 5 2
8 6 6 2 1
8 5 5 5 2
7 4 5 5 2
7 10 3 5 2
7 6 6 2 1
7 5 5 5 2
6 4 5 5 2
6 10 3 5 2
6 6 6 2 1
6 5 5 5 2
5 4 5 5 2
5 10 3 5 2
5 6 6 2 1
5 5 5 5 2
4 4 5 5 2
4 10 3 5 2
4 6 6 2 1
4 5 5 5 2
3 4 5 5 2
3 10 3 5 2
3 6 6 2 1
3 5 5 5 2
2 4 5 5 2
2 10 3 5 2
2 6 6 2 1
2 5 5 5 2
1 4 5 5 2
1 10 3 5 2
1 6 6 2 1
1 5 5 5 2
0 4 5 5 2
0 10 3 5 2
0 6 6 2 1
0 5 5 5 2
